    19 
  5.000000000000000000E+00 
  4.218895277666282473E-01 
  1.000000000000000194E-01 
  5.000000000000000000E+00 
  5.000000000000000000E+00 
  9.000000000000000222E-01 
  1.799999999999999656E-01 
  5.772840196702978766E+00 
  5.000000000000000000E-01 
  4.000000000000000777E-02 
  1.000000000000000178E+01 
  1.000000000000000178E+01 
  8.272807821259351613E+01 
  5.462075653896900640E-01 
  6.257937469454227797E-02 
  1.000000000000000426E+02 
  1.886212846701539048E-01 
  5.536234690361786503E-01 
  5.894449842629130742E+00 
