  1201 
  8.710929481514817496E+01 
  8.701281148107712227E+01 
  8.702936407901120219E+01 
  8.723584027324035617E+01 
  8.759203939401788830E+01 
  8.804119445497475738E+01 
  8.852653846974197904E+01 
  8.899130445195034156E+01 
  8.953718265695013656E+01 
  9.023250018536494110E+01 
  9.094960204479886556E+01 
  9.156076251592159565E+01 
  9.193825587940258970E+01 
  9.198210336456746461E+01 
  9.183725268154388743E+01 
  9.160122572402205776E+01 
  9.133985373712704359E+01 
  9.111896796598398396E+01 
  9.100439965571794687E+01 
  9.104557949063001843E+01 
  9.120875129222193323E+01 
  9.143938901793390528E+01 
  9.168330317048071265E+01 
  9.188630425257726131E+01 
  9.199420276693831511E+01 
  9.200000000000000000E+01 
  9.200000000000000000E+01 
  9.200000000000000000E+01 
  9.200000000000000000E+01 
  9.200000000000000000E+01 
  9.200000000000000000E+01 
  9.200000000000000000E+01 
  9.200000000000000000E+01 
  9.200000000000000000E+01 
  9.200000000000000000E+01 
  9.200000000000000000E+01 
  9.200000000000000000E+01 
  9.200000000000000000E+01 
  9.198653758026429728E+01 
  9.185253984166024566E+01 
  9.160355641789153935E+01 
  9.127507359919550822E+01 
  9.090257767580959580E+01 
  9.052155493797106089E+01 
  9.016749167591737546E+01 
  8.987086365217453476E+01 
  8.961238403127856600E+01 
  8.936886862607639159E+01 
  8.912139379378044168E+01 
  8.885103589160327431E+01 
  8.853887127675733382E+01 
  8.816597630645507877E+01 
  8.764909673420353897E+01 
  8.678636423109705333E+01 
  8.569544450504338329E+01 
  8.452453564732495295E+01 
  8.342183574922412959E+01 
  8.253554290202377786E+01 
  8.201385519700617976E+01 
  8.178400366534296495E+01 
  8.161701510879822763E+01 
  8.148844032748044697E+01 
  8.137437050740699362E+01 
  8.125089683459518142E+01 
  8.109411049506239522E+01 
  8.087596862194406810E+01 
  8.057236874913921554E+01 
  8.021263435664863550E+01 
  7.983187784573600254E+01 
  7.946521161766519015E+01 
  7.914774807369992971E+01 
  7.890311654513938322E+01 
  7.866516357071954246E+01 
  7.843459289057290107E+01 
  7.823326373673641854E+01 
  7.808303534124691225E+01 
  7.800576693614124224E+01 
  7.801908857692885135E+01 
  7.811503164258081711E+01 
  7.828067503460175658E+01 
  7.850355878128702614E+01 
  7.877122291093198214E+01 
  7.908822269962932694E+01 
  7.981698135477233791E+01 
  8.091882353423358154E+01 
  8.214058215329919221E+01 
  8.322909012725541800E+01 
  8.393118037138798115E+01 
  8.421568318734271941E+01 
  8.442247200686290398E+01 
  8.458463157786420084E+01 
  8.472469065577743663E+01 
  8.486517799603339540E+01 
  8.502783634417029646E+01 
  8.519332681207626479E+01 
  8.535106002096615896E+01 
  8.551058451712586361E+01 
  8.568144884684123497E+01 
  8.587320155639817187E+01 
  8.610547345799356833E+01 
  8.645203712877955127E+01 
  8.687289874758032227E+01 
  8.730284902532376634E+01 
  8.767667867293801010E+01 
  8.792917840135093854E+01 
  8.799170466434543414E+01 
  8.773254036774716269E+01 
  8.720581253072508332E+01 
  8.654140636707704459E+01 
  8.586920709060122192E+01 
  8.531909991509550650E+01 
  8.502097005435781796E+01 
  8.500000000000000000E+01 
  8.500000000000000000E+01 
  8.500000000000000000E+01 
  8.500000000000000000E+01 
  8.500000000000000000E+01 
  8.500000000000000000E+01 
  8.499974517068916668E+01 
  8.492868561861931198E+01 
  8.476170840174617638E+01 
  8.454271176483092631E+01 
  8.431559395263487033E+01 
  8.412425320991920330E+01 
  8.401258778144521955E+01 
  8.400000000000000000E+01 
  8.400000000000000000E+01 
  8.400000000000000000E+01 
  8.400000000000000000E+01 
  8.400000000000000000E+01 
  8.400000000000000000E+01 
  8.400000000000000000E+01 
  8.400000000000000000E+01 
  8.400000000000000000E+01 
  8.400000000000000000E+01 
  8.400000000000000000E+01 
  8.400000000000000000E+01 
  8.425779547635883659E+01 
  8.540253458161232913E+01 
  8.707622761480006091E+01 
  8.885057180026680612E+01 
  9.029726436235736742E+01 
  9.098800252541593636E+01 
  8.997045886840285789E+01 
  8.688109171767708006E+01 
  8.290937055927138033E+01 
  7.926399951329484850E+01 
  7.715368269985818017E+01 
  7.768048421066954745E+01 
  8.065602096686693301E+01 
  8.503769744141519027E+01 
  8.976785462809350236E+01 
  9.378883352067893497E+01 
  9.604514780279647823E+01 
  9.712529051804821734E+01 
  9.808668071175654291E+01 
  9.889199101813065340E+01 
  9.950389407137939202E+01 
  9.988506250571199985E+01 
  9.999812920857725373E+01 
  9.982181261131617589E+01 
  9.940060975866659021E+01 
  9.879446052706855141E+01 
  9.806330479296178737E+01 
  9.726708243278645227E+01 
  9.646573332298233083E+01 
  9.570442147211271333E+01 
  9.488430486897618721E+01 
  9.398427635516594592E+01 
  9.301640810906756940E+01 
  9.199277230906629654E+01 
  9.092544113354730939E+01 
  8.982648676089624473E+01 
  8.870013983615673681E+01 
  8.741715905852241519E+01 
  8.599245421921573040E+01 
  8.451112075925450995E+01 
  8.305825411965726346E+01 
  8.171894974144164792E+01 
  8.057830306562610190E+01 
  7.970304157175637272E+01 
  7.895290840740403837E+01 
  7.827427383433823138E+01 
  7.766070590721811584E+01 
  7.710577268070323953E+01 
  7.660304220945285181E+01 
  7.614608254812624466E+01 
  7.571208513745246194E+01 
  7.526101695899404831E+01 
  7.482666082439813238E+01 
  7.444802099307305809E+01 
  7.416410172442719784E+01 
  7.401390727786906609E+01 
  7.400000000000000000E+01 
  7.400000000000000000E+01 
  7.400000000000000000E+01 
  7.400000000000000000E+01 
  7.400000000000000000E+01 
  7.400000000000000000E+01 
  7.400000000000000000E+01 
  7.400000000000000000E+01 
  7.400000000000000000E+01 
  7.400000000000000000E+01 
  7.400000000000000000E+01 
  7.400000000000000000E+01 
  7.400000000000000000E+01 
  7.400000000000000000E+01 
  7.400000000000000000E+01 
  7.400000000000000000E+01 
  7.400000000000000000E+01 
  7.402188143841820533E+01 
  7.412230951301660298E+01 
  7.429946276751672940E+01 
  7.454814258719015641E+01 
  7.486315035730835632E+01 
  7.523928746314288674E+01 
  7.567135528996534788E+01 
  7.615415522304714102E+01 
  7.668248864765993744E+01 
  7.725115694907512420E+01 
  7.785496151256430153E+01 
  7.848870372339908386E+01 
  7.914718496685084403E+01 
  7.982520662819128177E+01 
  8.051757009269174148E+01 
  8.121907674562385182E+01 
  8.192452797225924144E+01 
  8.262872515786925476E+01 
  8.332646968772560570E+01 
  8.401256294709963868E+01 
  8.468180632126298235E+01 
  8.532900119548726536E+01 
  8.594894895504381793E+01 
  8.653645098520436818E+01 
  8.708630867124026054E+01 
  8.759332339842312365E+01 
  8.805229655202455774E+01 
  8.845802951731596409E+01 
  8.880532367956897133E+01 
  8.908752977510852133E+01 
  8.929662783804693049E+01 
  8.946955048550239553E+01 
  8.965242271501219307E+01 
  8.989136952411369919E+01 
  9.025478727081873842E+01 
  9.081638590855889959E+01 
  9.151618151120068489E+01 
  9.228464523192199920E+01 
  9.305258105220600839E+01 
  9.383856557460110537E+01 
  9.468266881278216829E+01 
  9.557477801910454218E+01 
  9.650478044592391313E+01 
  9.748235639192489543E+01 
  9.859166193283607527E+01 
  9.975550803485404572E+01 
  1.008692144846254450E+02 
  1.018281010687970820E+02 
  1.026189120758804876E+02 
  1.033670617185808425E+02 
  1.040393871528233234E+02 
  1.045967470296242539E+02 
  1.050000000000000000E+02 
  1.052635626242833382E+02 
  1.054572836182621671E+02 
  1.056251698661348968E+02 
  1.058112282520999656E+02 
  1.060587573827946528E+02 
  1.063767557916117141E+02 
  1.067492016014649607E+02 
  1.071642912068121802E+02 
  1.076102210021111318E+02 
  1.080788754638104905E+02 
  1.087098205228485881E+02 
  1.094692761076849195E+02 
  1.102053329624282583E+02 
  1.107660818311873641E+02 
  1.109996134580709963E+02 
  1.110000000000000000E+02 
  1.110000000000000000E+02 
  1.110000000000000000E+02 
  1.110000000000000000E+02 
  1.110000000000000000E+02 
  1.110000000000000000E+02 
  1.110000000000000000E+02 
  1.110000000000000000E+02 
  1.110000000000000000E+02 
  1.110000000000000000E+02 
  1.109651983526393906E+02 
  1.108190040446533686E+02 
  1.105978457537074036E+02 
  1.103445585905958239E+02 
  1.101019776661129015E+02 
  1.098938166995907721E+02 
  1.096521608190925861E+02 
  1.094009527530042334E+02 
  1.091817345670584558E+02 
  1.090360483269880376E+02 
  1.090000000000000000E+02 
  1.090000000000000000E+02 
  1.090000000000000000E+02 
  1.090000000000000000E+02 
  1.090000000000000000E+02 
  1.089955505803366123E+02 
  1.087341148914238715E+02 
  1.081657401876344125E+02 
  1.074249539687438073E+02 
  1.066462837345274721E+02 
  1.059633846493260592E+02 
  1.052455267740325127E+02 
  1.044331231051477715E+02 
  1.036841497192183112E+02 
  1.031565826927905221E+02 
  1.030000000000000000E+02 
  1.030000000000000000E+02 
  1.030000000000000000E+02 
  1.030000000000000000E+02 
  1.030000000000000000E+02 
  1.029753927676297565E+02 
  1.025211149666790078E+02 
  1.015927479102097806E+02 
  1.003197687870955122E+02 
  9.883165478620915678E+01 
  9.697280747231478415E+01 
  9.335361574712806032E+01 
  8.883772596907084562E+01 
  8.470515572052002540E+01 
  8.223592258385214393E+01 
  8.202028937620652016E+01 
  8.213357715552896821E+01 
  8.233645446515690480E+01 
  8.261761870480493997E+01 
  8.296576727418776898E+01 
  8.379406365649630573E+01 
  8.546869215344467818E+01 
  8.762271586832149239E+01 
  8.988455965231091227E+01 
  9.196954815807201555E+01 
  9.418675484890793825E+01 
  9.651667099288704321E+01 
  9.884114931851122776E+01 
  1.010420900324983364E+02 
  1.031391129671978604E+02 
  1.051979088723650477E+02 
  1.071834832959806789E+02 
  1.090608417860249517E+02 
  1.108142707208887714E+02 
  1.125278211551221546E+02 
  1.141599926944505228E+02 
  1.156432433633647037E+02 
  1.169100311863550417E+02 
  1.179676450948036717E+02 
  1.189055318471543501E+02 
  1.197470547961760730E+02 
  1.205151079305034330E+02 
  1.212416670779987271E+02 
  1.220294070225498899E+02 
  1.228115842120641616E+02 
  1.234737424888078010E+02 
  1.239014256950478057E+02 
  1.239889475968447954E+02 
  1.238038258251004180E+02 
  1.234215157140591970E+02 
  1.228823677801444489E+02 
  1.222267325397791637E+02 
  1.214949605093864307E+02 
  1.207274022053893532E+02 
  1.199644081442108074E+02 
  1.192463288422743233E+02 
  1.186135148160027626E+02 
  1.181063165818192147E+02 
  1.177217022190334461E+02 
  1.173683905545251775E+02 
  1.170384181246386817E+02 
  1.167286874164638277E+02 
  1.164361009170906414E+02 
  1.161575611136091197E+02 
  1.158899704931091890E+02 
  1.156302315426810168E+02 
  1.153752467494145151E+02 
  1.151219186003997095E+02 
  1.148692701826687568E+02 
  1.146263555076424723E+02 
  1.143928681603650972E+02 
  1.141667341265000317E+02 
  1.139458793917107045E+02 
  1.137282299416605866E+02 
  1.135117117620130784E+02 
  1.132942508384317648E+02 
  1.130737731565800033E+02 
  1.128499506682299085E+02 
  1.126270802970027063E+02 
  1.124051203420864624E+02 
  1.121836352821523519E+02 
  1.119621895958713935E+02 
  1.117403477619146344E+02 
  1.115176742589531500E+02 
  1.112937335656579450E+02 
  1.110680901607002085E+02 
  1.108283134732271833E+02 
  1.105485820323294490E+02 
  1.102454292954521691E+02 
  1.099378838540943235E+02 
  1.096449742997552050E+02 
  1.093857292239338079E+02 
  1.091791772181291975E+02 
  1.090443468738404960E+02 
  1.090000000000000000E+02 
  1.090000000000000000E+02 
  1.090000000000000000E+02 
  1.090000000000000000E+02 
  1.090000000000000000E+02 
  1.090000000000000000E+02 
  1.090000000000000000E+02 
  1.090000000000000000E+02 
  1.090000000000000000E+02 
  1.089897464706324541E+02 
  1.089342918018739255E+02 
  1.088393680916906305E+02 
  1.087147955190641682E+02 
  1.085703942629761372E+02 
  1.084159845024081505E+02 
  1.082613864163417929E+02 
  1.081164201837587626E+02 
  1.079908451682282617E+02 
  1.078810586297412044E+02 
  1.077776958278903408E+02 
  1.076776049440966432E+02 
  1.075776341597811978E+02 
  1.074746316563649913E+02 
  1.073654456152690670E+02 
  1.072469242179144260E+02 
  1.071159156457220547E+02 
  1.069685853078148767E+02 
  1.067829090624767758E+02 
  1.065584309510844463E+02 
  1.063072456663198722E+02 
  1.060414479008649948E+02 
  1.057731323474019547E+02 
  1.055143936986126789E+02 
  1.052773266471791516E+02 
  1.050740258857833709E+02 
  1.049061058681430723E+02 
  1.047359892780283701E+02 
  1.045660250113292591E+02 
  1.044044060099455322E+02 
  1.042593252157769683E+02 
  1.041389755707233320E+02 
  1.040515500166844731E+02 
  1.040052414955601563E+02 
  1.040089107420017029E+02 
  1.040662469226578679E+02 
  1.041670578366465207E+02 
  1.043000464619873497E+02 
  1.044539157767001427E+02 
  1.046173687588046306E+02 
  1.047791083863205728E+02 
  1.049278376372677712E+02 
  1.050555717972065679E+02 
  1.051793553004999069E+02 
  1.053033741097647749E+02 
  1.054274255106600862E+02 
  1.055513067888447694E+02 
  1.056748152299776677E+02 
  1.057977481197177383E+02 
  1.059199027437238811E+02 
  1.060426465512107939E+02 
  1.061825649536190781E+02 
  1.063364143764362524E+02 
  1.064943333849870584E+02 
  1.066464605445961951E+02 
  1.067829344205884041E+02 
  1.068938935782883846E+02 
  1.069694765830208070E+02 
  1.069998220001103988E+02 
  1.068873237955172755E+02 
  1.065461934872511449E+02 
  1.060358199354505189E+02 
  1.054163301298051891E+02 
  1.047478510600044928E+02 
  1.040905097157379231E+02 
  1.035044330866949593E+02 
  1.030497481625649669E+02 
  1.027144919816516904E+02 
  1.024028518034248663E+02 
  1.021125469172447708E+02 
  1.018430087826010606E+02 
  1.015936688589832784E+02 
  1.013639586058812085E+02 
  1.011533094827843939E+02 
  1.009603495347683975E+02 
  1.007637347557553511E+02 
  1.005643313991608210E+02 
  1.003758621014864332E+02 
  1.002120494992335722E+02 
  1.000866162289037362E+02 
  1.000132849269983950E+02 
  1.000406110025278679E+02 
  1.004613711575431978E+02 
  1.012028722121886659E+02 
  1.020958577550499626E+02 
  1.029710713747127642E+02 
  1.036592566597629173E+02 
  1.039911571987856576E+02 
  1.039582550112269104E+02 
  1.038167803114100991E+02 
  1.036139667790508128E+02 
  1.033904361575546176E+02 
  1.031868101903272219E+02 
  1.030437106207741778E+02 
  1.030014716802274677E+02 
  1.030700540884208749E+02 
  1.032175834767258920E+02 
  1.034115043894263408E+02 
  1.036192613708061288E+02 
  1.038082989651491488E+02 
  1.039460617167393082E+02 
  1.039999941698604715E+02 
  1.039491532687686970E+02 
  1.038153371385460559E+02 
  1.036300355025626345E+02 
  1.034247379667883280E+02 
  1.032309341371929889E+02 
  1.030801136197466121E+02 
  1.030037660204190502E+02 
  1.030000000000000000E+02 
  1.030000000000000000E+02 
  1.030000000000000000E+02 
  1.030000000000000000E+02 
  1.030000000000000000E+02 
  1.030000000000000000E+02 
  1.030000000000000000E+02 
  1.030000000000000000E+02 
  1.030000000000000000E+02 
  1.030000000000000000E+02 
  1.030000000000000000E+02 
  1.030000000000000000E+02 
  1.030000000000000000E+02 
  1.029015632019844162E+02 
  1.025254999824891087E+02 
  1.019644450896974348E+02 
  1.013218427483406856E+02 
  1.007011371831499389E+02 
  1.002057726188568409E+02 
  9.992050521092761528E+01 
  9.969832003205684146E+01 
  9.949101496923144339E+01 
  9.930823784925634357E+01 
  9.915963649893670606E+01 
  9.905485874507746757E+01 
  9.900355241448363586E+01 
  9.900000000000000000E+01 
  9.900000000000000000E+01 
  9.900000000000000000E+01 
  9.900000000000000000E+01 
  9.900000000000000000E+01 
  9.900000000000000000E+01 
  9.906749702977177208E+01 
  9.943837126630974410E+01 
  1.000256532560702283E+02 
  1.007063323960807111E+02 
  1.013573980833686932E+02 
  1.018558397149617747E+02 
  1.021232815310431477E+02 
  1.023189783500383641E+02 
  1.024820381423776325E+02 
  1.026239218990228181E+02 
  1.027560906109358143E+02 
  1.028900052690784008E+02 
  1.030375416668473036E+02 
  1.032125184428711577E+02 
  1.034042098668482339E+02 
  1.035949242284622187E+02 
  1.037669698173966708E+02 
  1.039026549233352910E+02 
  1.039842878359617515E+02 
  1.039831265550748611E+02 
  1.037867354921022951E+02 
  1.034158532854032018E+02 
  1.029282471424369589E+02 
  1.023816842706630155E+02 
  1.018339318775407776E+02 
  1.013427571705295520E+02 
  1.009651954894051613E+02 
  1.006722918130137572E+02 
  1.004130605132534839E+02 
  1.001751721515445155E+02 
  9.994629728930696899E+01 
  9.971410648796111786E+01 
  9.946627030892707921E+01 
  9.919045931362499857E+01 
  9.886597950206052587E+01 
  9.841858401354463126E+01 
  9.788239358119807321E+01 
  9.731849964889910609E+01 
  9.678799366052608377E+01 
  9.635196705995740274E+01 
  9.607151129107134579E+01 
  9.600000000000000000E+01 
  9.600000000000000000E+01 
  9.600000000000000000E+01 
  8.272807821259353034E+01 
  8.272807821259353034E+01 
  8.272807821259353034E+01 
  8.272807821259353034E+01 
  8.272807821259353034E+01 
  8.272807821259353034E+01 
  8.272807821259353034E+01 
  8.272807821259353034E+01 
  8.272807821259353034E+01 
  8.272807821259353034E+01 
  8.272807821259353034E+01 
  8.272807821259353034E+01 
  8.272807821259353034E+01 
  8.272807821259353034E+01 
  8.272807821259353034E+01 
  8.272807821259353034E+01 
  8.272807821259353034E+01 
  8.272807821259353034E+01 
  8.272807821259353034E+01 
  8.272807821259353034E+01 
  8.272807821259353034E+01 
  8.272807821259353034E+01 
  8.272807821259353034E+01 
  8.272807821259353034E+01 
  8.272807821259353034E+01 
  8.272807821259353034E+01 
  8.272807821259353034E+01 
  8.272807821259353034E+01 
  8.272807821259353034E+01 
  8.272807821259353034E+01 
  8.272807821259353034E+01 
  8.272807821259353034E+01 
  8.272807821259353034E+01 
  8.272807821259353034E+01 
  8.272807821259353034E+01 
  8.272807821259353034E+01 
  8.272807821259353034E+01 
  8.272807821259353034E+01 
  8.272807821259353034E+01 
  8.272807821259353034E+01 
  8.272807821259353034E+01 
  8.272807821259353034E+01 
  8.272807821259353034E+01 
  8.272807821259353034E+01 
  8.272807821259353034E+01 
  8.272807821259353034E+01 
  8.272807821259353034E+01 
  8.272807821259353034E+01 
  8.272807821259353034E+01 
  8.272807821259353034E+01 
  8.272807821259353034E+01 
  8.272807821259353034E+01 
  8.272807821259353034E+01 
  8.272807821259353034E+01 
  8.272807821259353034E+01 
  8.272807821259353034E+01 
  8.272807821259353034E+01 
  8.272807821259353034E+01 
  8.272807821259353034E+01 
  8.272807821259353034E+01 
  8.272807821259353034E+01 
  8.272807821259353034E+01 
  8.272807821259353034E+01 
  8.272807821259353034E+01 
  8.272807821259353034E+01 
  8.272807821259353034E+01 
  8.272807821259353034E+01 
  8.272807821259353034E+01 
  8.272807821259353034E+01 
  8.272807821259353034E+01 
  8.272807821259353034E+01 
  8.272807821259353034E+01 
  8.272807821259353034E+01 
  8.272807821259353034E+01 
  8.272807821259353034E+01 
  8.272807821259353034E+01 
  8.272807821259353034E+01 
  8.272807821259353034E+01 
  8.272807821259353034E+01 
  8.272807821259353034E+01 
  8.272807821259353034E+01 
  8.272807821259353034E+01 
  8.272807821259353034E+01 
  8.272807821259353034E+01 
  8.272807821259353034E+01 
  8.272807821259353034E+01 
  8.272807821259353034E+01 
  8.272807821259353034E+01 
  8.272807821259353034E+01 
  8.272807821259353034E+01 
  8.272807821259353034E+01 
  8.272807821259353034E+01 
  8.272807821259353034E+01 
  8.272807821259353034E+01 
  8.272807821259353034E+01 
  8.272807821259353034E+01 
  8.272807821259353034E+01 
  8.272807821259353034E+01 
  8.272807821259353034E+01 
  8.272807821259353034E+01 
  8.272807821259353034E+01 
  8.272807821259353034E+01 
  8.272807821259353034E+01 
  8.272807821259353034E+01 
  8.272807821259353034E+01 
  8.272807821259353034E+01 
  8.272807821259353034E+01 
  8.272807821259353034E+01 
  8.272807821259353034E+01 
  8.272807821259353034E+01 
  8.272807821259353034E+01 
  8.272807821259353034E+01 
  8.272807821259353034E+01 
  8.272807821259353034E+01 
  8.272807821259353034E+01 
  8.272807821259353034E+01 
  8.272807821259353034E+01 
  8.272807821259353034E+01 
  8.272807821259353034E+01 
  8.272807821259353034E+01 
  8.272807821259353034E+01 
  8.272807821259353034E+01 
  8.272807821259353034E+01 
  8.272807821259353034E+01 
  8.272807821259353034E+01 
  8.272807821259353034E+01 
  8.272807821259353034E+01 
  8.272807821259353034E+01 
  8.272807821259353034E+01 
  8.272807821259353034E+01 
  8.272807821259353034E+01 
  8.272807821259353034E+01 
  8.272807821259353034E+01 
  8.272807821259353034E+01 
  8.272807821259353034E+01 
  8.272807821259353034E+01 
  8.272807821259353034E+01 
  8.272807821259353034E+01 
  8.272807821259353034E+01 
  8.272807821259353034E+01 
  8.272807821259353034E+01 
  8.272807821259353034E+01 
  8.272807821259353034E+01 
  8.272807821259353034E+01 
  8.272807821259353034E+01 
  8.272807821259353034E+01 
  8.272807821259353034E+01 
  8.272807821259353034E+01 
  8.272807821259353034E+01 
  8.272807821259353034E+01 
  8.272807821259353034E+01 
  8.272807821259353034E+01 
  8.272807821259353034E+01 
  8.272807821259353034E+01 
  8.272807821259353034E+01 
  8.272807821259353034E+01 
  8.272807821259353034E+01 
  8.272807821259353034E+01 
  8.272807821259353034E+01 
  8.272807821259353034E+01 
  8.272807821259353034E+01 
  8.272807821259353034E+01 
  8.272807821259353034E+01 
  8.272807821259353034E+01 
  8.272807821259353034E+01 
  8.272807821259353034E+01 
  8.272807821259353034E+01 
  8.272807821259353034E+01 
  8.272807821259353034E+01 
  8.272807821259353034E+01 
  8.272807821259353034E+01 
  8.272807821259353034E+01 
  8.272807821259353034E+01 
  8.272807821259353034E+01 
  8.272807821259353034E+01 
  8.272807821259353034E+01 
  8.272807821259353034E+01 
  8.272807821259353034E+01 
  8.272807821259353034E+01 
  8.272807821259353034E+01 
  8.272807821259353034E+01 
  8.272807821259353034E+01 
  8.272807821259353034E+01 
  8.272807821259353034E+01 
  8.272807821259353034E+01 
  8.272807821259353034E+01 
  8.272807821259353034E+01 
  8.272807821259353034E+01 
  8.272807821259353034E+01 
  8.272807821259353034E+01 
  8.272807821259353034E+01 
  8.272807821259353034E+01 
  8.272807821259353034E+01 
  8.272807821259353034E+01 
  8.272807821259353034E+01 
  8.272807821259353034E+01 
  8.272807821259353034E+01 
  8.272807821259353034E+01 
  8.272807821259353034E+01 
  8.272807821259353034E+01 
  8.272807821259353034E+01 
  8.272807821259353034E+01 
  8.272807821259353034E+01 
  8.272807821259353034E+01 
  8.272807821259353034E+01 
  8.272807821259353034E+01 
  8.272807821259353034E+01 
  8.272807821259353034E+01 
  8.272807821259353034E+01 
  8.272807821259353034E+01 
  8.272807821259353034E+01 
  8.272807821259353034E+01 
  8.272807821259353034E+01 
  8.272807821259353034E+01 
  8.272807821259353034E+01 
  8.272807821259353034E+01 
  8.272807821259353034E+01 
  8.272807821259353034E+01 
  8.272807821259353034E+01 
  8.272807821259353034E+01 
  8.272807821259353034E+01 
  8.272807821259353034E+01 
  8.272807821259353034E+01 
  8.272807821259353034E+01 
  8.272807821259353034E+01 
  8.272807821259353034E+01 
  8.272807821259353034E+01 
  8.272807821259353034E+01 
  8.272807821259353034E+01 
  8.272807821259353034E+01 
  8.272807821259353034E+01 
  8.272807821259353034E+01 
  8.272807821259353034E+01 
  8.272807821259353034E+01 
  8.272807821259353034E+01 
  8.272807821259353034E+01 
  8.272807821259353034E+01 
  8.272807821259353034E+01 
  8.272807821259353034E+01 
  8.272807821259353034E+01 
  8.272807821259353034E+01 
  8.272807821259353034E+01 
  8.272807821259353034E+01 
  8.272807821259353034E+01 
  8.272807821259353034E+01 
  8.272807821259353034E+01 
  8.272807821259353034E+01 
  8.272807821259353034E+01 
  8.272807821259353034E+01 
  8.272807821259353034E+01 
  8.272807821259353034E+01 
  8.272807821259353034E+01 
  8.272807821259353034E+01 
  8.272807821259353034E+01 
  8.272807821259353034E+01 
  8.272807821259353034E+01 
  8.272807821259353034E+01 
  8.272807821259353034E+01 
  8.272807821259353034E+01 
  8.272807821259353034E+01 
  8.272807821259353034E+01 
  8.272807821259353034E+01 
  8.272807821259353034E+01 
  8.272807821259353034E+01 
  8.272807821259353034E+01 
  8.272807821259353034E+01 
  8.272807821259353034E+01 
  8.272807821259353034E+01 
  8.272807821259353034E+01 
  8.272807821259353034E+01 
  8.272807821259353034E+01 
  8.272807821259353034E+01 
  8.272807821259353034E+01 
  8.272807821259353034E+01 
  8.272807821259353034E+01 
  8.272807821259353034E+01 
  8.272807821259353034E+01 
  8.272807821259353034E+01 
  8.272807821259353034E+01 
  8.272807821259353034E+01 
  8.272807821259353034E+01 
  8.272807821259353034E+01 
  8.272807821259353034E+01 
  8.272807821259353034E+01 
  8.272807821259353034E+01 
  8.272807821259353034E+01 
  8.272807821259353034E+01 
  8.272807821259353034E+01 
  8.272807821259353034E+01 
  8.272807821259353034E+01 
  8.272807821259353034E+01 
  8.272807821259353034E+01 
  8.272807821259353034E+01 
  8.272807821259353034E+01 
  8.272807821259353034E+01 
  8.272807821259353034E+01 
  8.272807821259353034E+01 
  8.272807821259353034E+01 
  8.272807821259353034E+01 
  8.272807821259353034E+01 
  8.272807821259353034E+01 
  8.272807821259353034E+01 
  8.272807821259353034E+01 
  8.272807821259353034E+01 
  8.272807821259353034E+01 
  8.272807821259353034E+01 
  8.272807821259353034E+01 
  8.272807821259353034E+01 
  8.272807821259353034E+01 
  8.272807821259353034E+01 
  8.272807821259353034E+01 
  8.272807821259353034E+01 
  8.272807821259353034E+01 
  8.272807821259353034E+01 
  8.272807821259353034E+01 
  8.272807821259353034E+01 
  8.272807821259353034E+01 
  8.272807821259353034E+01 
  8.272807821259353034E+01 
  8.272807821259353034E+01 
  8.272807821259353034E+01 
  8.272807821259353034E+01 
  8.272807821259353034E+01 
  8.272807821259353034E+01 
  8.272807821259353034E+01 
  8.272807821259353034E+01 
  8.272807821259353034E+01 
  8.272807821259353034E+01 
  8.272807821259353034E+01 
  8.272807821259353034E+01 
  8.272807821259353034E+01 
  8.272807821259353034E+01 
  8.272807821259353034E+01 
  8.272807821259353034E+01 
  8.272807821259353034E+01 
  8.272807821259353034E+01 
  8.272807821259353034E+01 
  8.272807821259353034E+01 
  8.272807821259353034E+01 
  8.272807821259353034E+01 
  8.272807821259353034E+01 
  8.272807821259353034E+01 
  8.272807821259353034E+01 
  8.272807821259353034E+01 
  8.272807821259353034E+01 
  8.272807821259353034E+01 
  8.272807821259353034E+01 
  8.272807821259353034E+01 
  8.272807821259353034E+01 
  8.272807821259353034E+01 
  8.272807821259353034E+01 
  8.272807821259353034E+01 
  8.272807821259353034E+01 
  8.272807821259353034E+01 
  8.272807821259353034E+01 
  8.272807821259353034E+01 
  8.272807821259353034E+01 
  8.272807821259353034E+01 
  8.272807821259353034E+01 
  8.272807821259353034E+01 
  8.272807821259353034E+01 
  8.272807821259353034E+01 
  8.272807821259353034E+01 
  8.272807821259353034E+01 
  8.272807821259353034E+01 
  8.272807821259353034E+01 
  8.272807821259353034E+01 
  8.272807821259353034E+01 
  8.272807821259353034E+01 
  8.272807821259353034E+01 
  8.272807821259353034E+01 
  8.272807821259353034E+01 
  8.272807821259353034E+01 
  8.272807821259353034E+01 
  8.272807821259353034E+01 
  8.272807821259353034E+01 
  8.272807821259353034E+01 
  8.272807821259353034E+01 
  8.272807821259353034E+01 
  8.272807821259353034E+01 
  8.272807821259353034E+01 
  8.272807821259353034E+01 
  8.272807821259353034E+01 
  8.272807821259353034E+01 
  8.272807821259353034E+01 
  8.272807821259353034E+01 
  8.272807821259353034E+01 
  8.272807821259353034E+01 
  8.272807821259353034E+01 
  8.272807821259353034E+01 
  8.272807821259353034E+01 
  8.272807821259353034E+01 
  8.272807821259353034E+01 
  8.272807821259353034E+01 
  8.272807821259353034E+01 
  8.272807821259353034E+01 
  8.272807821259353034E+01 
  8.272807821259353034E+01 
  8.272807821259353034E+01 
  8.272807821259353034E+01 
  8.272807821259353034E+01 
  8.272807821259353034E+01 
  8.272807821259353034E+01 
  8.272807821259353034E+01 
  8.272807821259353034E+01 
  8.272807821259353034E+01 
  8.272807821259353034E+01 
  8.272807821259353034E+01 
  8.272807821259353034E+01 
  8.272807821259353034E+01 
  8.272807821259353034E+01 
  8.272807821259353034E+01 
  8.272807821259353034E+01 
  8.272807821259353034E+01 
  8.272807821259353034E+01 
  8.272807821259353034E+01 
  8.272807821259353034E+01 
  8.272807821259353034E+01 
  8.272807821259353034E+01 
  8.272807821259353034E+01 
  8.272807821259353034E+01 
  8.272807821259353034E+01 
  8.272807821259353034E+01 
  8.272807821259353034E+01 
  8.272807821259353034E+01 
  8.272807821259353034E+01 
  8.272807821259353034E+01 
  8.272807821259353034E+01 
  8.272807821259353034E+01 
  8.272807821259353034E+01 
  8.272807821259353034E+01 
  8.272807821259353034E+01 
  8.272807821259353034E+01 
  8.272807821259353034E+01 
  8.272807821259353034E+01 
  8.272807821259353034E+01 
  8.272807821259353034E+01 
  8.272807821259353034E+01 
  8.272807821259353034E+01 
  8.272807821259353034E+01 
  8.272807821259353034E+01 
  8.272807821259353034E+01 
  8.272807821259353034E+01 
  8.272807821259353034E+01 
  8.272807821259353034E+01 
  8.272807821259353034E+01 
  8.272807821259353034E+01 
  8.272807821259353034E+01 
  8.272807821259353034E+01 
  8.272807821259353034E+01 
  8.272807821259353034E+01 
  8.272807821259353034E+01 
  8.272807821259353034E+01 
  8.272807821259353034E+01 
  8.272807821259353034E+01 
  8.272807821259353034E+01 
  8.272807821259353034E+01 
  8.272807821259353034E+01 
  8.272807821259353034E+01 
  8.272807821259353034E+01 
  8.272807821259353034E+01 
  8.272807821259353034E+01 
  8.272807821259353034E+01 
  8.272807821259353034E+01 
  8.272807821259353034E+01 
  8.272807821259353034E+01 
  8.272807821259353034E+01 
  8.272807821259353034E+01 
  8.272807821259353034E+01 
  8.272807821259353034E+01 
  8.272807821259353034E+01 
  8.272807821259353034E+01 
  8.272807821259353034E+01 
  8.272807821259353034E+01 
  8.272807821259353034E+01 
  8.272807821259353034E+01 
  8.272807821259353034E+01 
  8.272807821259353034E+01 
  8.272807821259353034E+01 
  8.272807821259353034E+01 
  8.272807821259353034E+01 
  8.272807821259353034E+01 
  8.272807821259353034E+01 
  8.272807821259353034E+01 
  8.272807821259353034E+01 
  8.272807821259353034E+01 
  8.272807821259353034E+01 
  8.272807821259353034E+01 
  8.272807821259353034E+01 
  8.272807821259353034E+01 
  8.272807821259353034E+01 
  8.272807821259353034E+01 
  8.272807821259353034E+01 
  8.272807821259353034E+01 
  8.272807821259353034E+01 
  8.272807821259353034E+01 
  8.272807821259353034E+01 
  8.272807821259353034E+01 
  8.272807821259353034E+01 
  8.272807821259353034E+01 
  8.272807821259353034E+01 
  8.272807821259353034E+01 
  8.272807821259353034E+01 
  8.272807821259353034E+01 
  8.272807821259353034E+01 
  8.272807821259353034E+01 
  8.272807821259353034E+01 
  8.272807821259353034E+01 
  8.272807821259353034E+01 
  8.272807821259353034E+01 
  8.272807821259353034E+01 
  8.272807821259353034E+01 
  8.272807821259353034E+01 
  8.272807821259353034E+01 
  8.272807821259353034E+01 
  8.272807821259353034E+01 
  8.272807821259353034E+01 
  8.272807821259353034E+01 
  8.272807821259353034E+01 
  8.272807821259353034E+01 
  8.272807821259353034E+01 
  8.272807821259353034E+01 
  8.272807821259353034E+01 
  8.272807821259353034E+01 
  8.272807821259353034E+01 
  8.272807821259353034E+01 
  8.272807821259353034E+01 
  8.272807821259353034E+01 
  8.272807821259353034E+01 
  8.272807821259353034E+01 
  8.272807821259353034E+01 
  8.272807821259353034E+01 
  8.272807821259353034E+01 
  8.272807821259353034E+01 
  8.272807821259353034E+01 
  8.272807821259353034E+01 
  8.272807821259353034E+01 
  8.272807821259353034E+01 
  8.272807821259353034E+01 
  8.272807821259353034E+01 
  8.272807821259353034E+01 
  8.272807821259353034E+01 
  8.272807821259353034E+01 
  8.272807821259353034E+01 
  8.272807821259353034E+01 
  8.272807821259353034E+01 
  8.272807821259353034E+01 
  8.272807821259353034E+01 
  8.272807821259353034E+01 
  8.272807821259353034E+01 
  8.272807821259353034E+01 
  8.272807821259353034E+01 
  8.272807821259353034E+01 
  8.272807821259353034E+01 
  8.272807821259353034E+01 
  8.272807821259353034E+01 
  8.272807821259353034E+01 
  8.272807821259353034E+01 
  8.272807821259353034E+01 
  8.272807821259353034E+01 
  8.272807821259353034E+01 
  8.272807821259353034E+01 
  8.272807821259353034E+01 
  8.272807821259353034E+01 
  8.272807821259353034E+01 
  8.272807821259353034E+01 
  8.272807821259353034E+01 
  8.272807821259353034E+01 
  8.272807821259353034E+01 
  8.272807821259353034E+01 
  8.272807821259353034E+01 
  8.272807821259353034E+01 
  8.272807821259353034E+01 
  8.272807821259353034E+01 
  8.272807821259353034E+01 
  8.272807821259353034E+01 
  8.272807821259353034E+01 
  8.272807821259353034E+01 
  8.272807821259353034E+01 
  8.272807821259353034E+01 
  8.272807821259353034E+01 
  8.272807821259353034E+01 
  8.272807821259353034E+01 
  8.272807821259353034E+01 
  8.272807821259353034E+01 
  8.272807821259353034E+01 
  8.272807821259353034E+01 
  8.272807821259353034E+01 
  8.272807821259353034E+01 
  8.272807821259353034E+01 
  8.272807821259353034E+01 
  8.272807821259353034E+01 
  8.272807821259353034E+01 
  8.272807821259353034E+01 
  8.272807821259353034E+01 
  8.272807821259353034E+01 
  8.272807821259353034E+01 
  8.272807821259353034E+01 
  8.272807821259353034E+01 
  8.272807821259353034E+01 
